10000 1.0 8.856517e-01 1.347153e+07 7.194747e-01 1.415139e+16 2.2190285 -1.000 b > io/SE/SE01.txt
10000 1.0 8.863388e-01 1.346493e+07 7.173009e-01 1.414714e+16 2.2190285 2.5000 b > io/SE/SE02.txt
10000 1.0 8.870932e-01 1.346266e+07 7.165268e-01 1.414574e+16 2.2190285 2.2000 b > io/SE/SE03.txt
10000 1.0 8.885566e-01 1.345794e+07 7.148968e-01 1.414283e+16 2.2190285 1.9000 b > io/SE/SE04.txt
10000 1.0 8.914471e-01 1.344694e+07 7.110995e-01 1.413605e+16 2.2190285 1.6000 b > io/SE/SE05.txt
10000 1.0 8.939511e-01 1.343614e+07 7.073834e-01 1.412933e+16 2.2190285 1.4500 b > io/SE/SE06.txt
10000 1.0 8.964395e-01 1.342516e+07 7.036247e-01 1.412242e+16 2.2190285 1.3500 b > io/SE/SE07.txt
10000 1.0 8.977276e-01 1.341954e+07 7.017071e-01 1.411886e+16 2.2190285 1.3100 b > io/SE/SE08.txt
10000 1.0 8.992411e-01 1.341303e+07 6.994936e-01 1.411471e+16 2.2190285 1.2700 b > io/SE/SE09.txt
10000 1.0 9.005927e-01 1.340746e+07 6.976066e-01 1.411114e+16 2.2190285 1.2400 b > io/SE/SE10.txt
10000 1.0 9.016334e-01 1.340339e+07 6.962316e-01 1.410852e+16 2.2190285 1.2200 b > io/SE/SE11.txt 
10000 1.0 9.028177e-01 1.339908e+07 6.947758e-01 1.410573e+16 2.2190285 1.2000 b > io/SE/SE12.txt
10000 1.0 9.034973e-01 1.339694e+07 6.940566e-01 1.410434e+16 2.2190285 1.1906 b > io/SE/SE13.txt
10000 1.0 9.035361e-01 1.339682e+07 6.940177e-01 1.410427e+16 2.2190285 1.1901 b > io/SE/SE14.txt % 0.87587e-9 Msun/yr

